============================== SRIM-2013.00 ==============================
==============================================================================
====== SRIM Outputs\RANGE_3D.txt : File of Final Ion Positions =====

Ion = He (02)   Ion Mass= 004.0030
Energy  = 7687000.E-03 keV
Ion Angle to Surface = 00.0 degrees
==================== TARGET =======================
  Layer # 1 - Layer 1
  Layer # 1 - Bottom Depth=800000.E+03 A
  Layer # 1 - Density =0000.0012 g/cm3
  Layer # 1 -  23 % of  O
  Layer # 1 -  76 % of  N
  Layer # 1 -  1 % of Ar
  Layer # 1 -  0 % of  C
様様様様様様様様様様様様様様様様様様様様様様様様様様
                                            
Ion       Depth  X   Lateral Y   Lateral Z  
Number    (Angstrom) (Angstrom)  (Angstrom) 
-------  ----------- ----------- -----------
0000001   7.0801E+08 -4.4099E+06 -8.4606E+06
0000002   7.1682E+08  1.2691E+07  8.7965E+06
0000003   7.1006E+08  6.3898E+06  8.2887E+06
0000004   7.0836E+08 -5.2776E+06 -1.8171E+06
0000005   7.1468E+08 -7.8546E+06 -5.1902E+06
0000006   7.0559E+08  1.7472E+07  7.0127E+06
0000007   7.0988E+08  8.4060E+06 -2.1425E+06
0000008   7.0643E+08  9.8511E+05 -9.1183E+06
0000009   7.0809E+08 -3.6312E+07 -3.8308E+07
0000010   7.0943E+08 -1.2142E+07  2.8879E+06
0000011   7.0755E+08 -1.1967E+06  6.9299E+05
0000012   7.0814E+08 -3.1374E+07  3.1528E+06
0000013   7.0806E+08 -2.6709E+07  5.4959E+06
0000014   7.0330E+08  9.1541E+06 -2.0137E+07
0000015   7.0573E+08  1.3774E+05 -2.3242E+07
0000016   7.0862E+08  1.6761E+07  1.4811E+07
0000017   7.0760E+08 -1.8355E+06 -2.9265E+07
0000018   7.1531E+08  1.1921E+07  2.2926E+07
0000019   7.1476E+08  8.5207E+06 -1.1042E+07
0000020   7.1381E+08  7.6227E+06  1.7916E+07
0000021   7.1282E+08  2.8919E+06 -7.7758E+06
0000022   7.0739E+08 -2.0582E+07  8.7829E+06
0000023   7.1758E+08 -1.0947E+07  1.1938E+07
0000024   7.1029E+08  1.0125E+06  1.5577E+07
0000025   7.1873E+08 -1.0646E+07 -1.1665E+07
0000026   7.0077E+08 -2.8059E+07 -6.5778E+06
0000027   7.1455E+08 -1.3495E+07  7.5359E+06
0000028   7.1075E+08 -6.9596E+05 -1.3581E+07
0000029   7.1917E+08 -8.8307E+06 -1.4162E+06
0000030   7.1783E+08 -2.8811E+05  1.3989E+07
0000031   7.0247E+08  8.7991E+06 -3.8267E+06
0000032   7.1149E+08 -7.2381E+06  1.1351E+07
0000033   7.0815E+08 -2.1031E+06 -6.6144E+06
0000034   7.2110E+08 -2.7200E+05  9.8592E+06
0000035   7.1244E+08 -7.7004E+06 -1.8714E+06
0000036   7.1607E+08 -2.0981E+07 -3.2664E+07
0000037   7.1812E+08  7.8661E+06  1.7219E+06
0000038   7.2032E+08 -4.1058E+06 -1.1848E+07
0000039   7.0877E+08 -6.2791E+06  1.6075E+06
0000040   7.1362E+08 -5.4757E+06 -1.0560E+07
0000041   6.9760E+08 -2.4418E+06 -1.3302E+07
0000042   7.2344E+08 -1.5047E+07  9.4314E+06
0000043   7.1037E+08 -3.3339E+07  1.6408E+07
0000044   7.1710E+08  1.3148E+07 -5.7210E+06
0000045   7.1299E+08 -1.0642E+07  5.8403E+06
0000046   7.1653E+08  2.1478E+06 -9.4576E+06
0000047   7.0903E+08 -6.6563E+06  3.4336E+06
0000048   7.1930E+08  7.3596E+06 -2.3088E+06
0000049   7.1759E+08  1.0336E+07  3.3542E+06
0000050   7.1369E+08 -5.3846E+06 -5.0124E+06
0000051   7.0915E+08  6.6278E+05  1.8682E+06
0000052   7.1579E+08  8.7093E+04 -2.0326E+07
0000053   7.1167E+08 -2.9459E+06 -1.9540E+06
0000054   7.1265E+08 -8.8695E+05 -8.5910E+06
0000055   7.1201E+08  9.5370E+06 -2.6877E+07
0000056   7.1372E+08  3.5135E+06 -2.9799E+06
0000057   7.0785E+08  8.2231E+06  3.4491E+07
0000058   7.0361E+08 -2.4830E+07 -4.0806E+07
0000059   7.1260E+08 -5.5142E+06  1.1244E+07
0000060   7.1697E+08 -9.9898E+05  2.9586E+06
0000061   7.1840E+08 -2.9582E+06  1.3650E+06
0000062   7.1587E+08 -1.1886E+07  7.4868E+06
0000063   7.0916E+08  1.8227E+06 -9.2396E+06
0000064   7.0910E+08 -2.8681E+06 -7.0098E+06
0000065   7.1940E+08  8.3976E+06 -3.4006E+06
0000066   7.1558E+08 -3.8791E+06  2.5547E+07
0000067   7.0234E+08  6.2898E+06 -8.6822E+06
0000068   7.2055E+08  2.1306E+07  1.0980E+07
0000069   7.1439E+08  1.2512E+07  1.4721E+07
0000070   7.0590E+08 -2.2557E+06  6.5226E+06
0000071   7.1440E+08 -5.1280E+06  1.1277E+07
0000072   7.1564E+08 -4.9501E+05  4.1735E+06
0000073   7.0917E+08  1.2928E+07 -4.5066E+06
0000074   7.0920E+08  1.4740E+07  3.7422E+06
0000075   7.1570E+08  1.5158E+07  4.2644E+06
0000076   7.1676E+08 -1.8710E+06 -2.0660E+06
0000077   7.1861E+08  3.8446E+06  1.6826E+06
0000078   7.1874E+08 -1.3455E+07  1.1744E+06
0000079   7.0988E+08 -7.9730E+06  1.4121E+06
0000080   7.0801E+08  1.4496E+06 -1.1946E+06
0000081   7.0300E+08 -1.1199E+07  5.0016E+06
0000082   7.0874E+08 -2.7942E+06 -1.6206E+07
0000083   7.1663E+08 -1.3221E+06 -5.9543E+06
0000084   7.1148E+08 -8.2637E+06 -1.0137E+07
0000085   7.0156E+08 -4.6065E+07 -3.8602E+07
0000086   7.1117E+08 -1.3213E+07  6.1195E+05
0000087   7.1045E+08  1.2073E+07  5.5440E+06
0000088   7.1746E+08  2.6116E+06  2.1062E+06
0000089   6.9822E+08 -8.9200E+06  4.3610E+06
0000090   7.0772E+08 -1.0198E+07  9.7150E+06
0000091   7.1436E+08 -1.6872E+06 -8.5748E+06
0000092   7.0779E+08  2.5450E+06 -9.6316E+06
0000093   7.0881E+08 -6.8507E+06  3.1440E+06
0000094   7.1018E+08 -2.5301E+05 -2.5172E+06
0000095   7.1120E+08  3.1759E+07  1.0648E+07
0000096   7.1127E+08 -4.7025E+06 -1.3578E+07
0000097   7.1003E+08  4.3671E+06  3.6605E+06
0000098   7.1813E+08 -1.0483E+07 -2.1986E+07
0000099   7.0407E+08  1.3883E+06  4.8245E+06
0000100   7.1275E+08 -4.6247E+06  2.1408E+07
0000101   7.0682E+08  1.5385E+07 -8.7827E+06
0000102   7.2281E+08  6.5455E+06  3.1068E+06
0000103   7.1503E+08 -2.5613E+06 -9.5798E+06
0000104   7.0495E+08  7.7681E+06 -4.1103E+06
0000105   7.0639E+08  1.2079E+07  8.1475E+06
0000106   7.1256E+08 -1.5360E+07  3.7147E+06
0000107   7.0800E+08 -6.0042E+05 -4.3690E+06
0000108   7.0693E+08  2.6749E+06 -3.9328E+06
0000109   7.0077E+08  1.3061E+07 -2.4526E+07
0000110   7.1885E+08  1.1638E+06 -5.4298E+05
0000111   7.0101E+08  1.1102E+07 -2.9745E+07
0000112   7.0636E+08  4.0172E+06 -3.2077E+05
0000113   7.1004E+08 -6.0078E+06 -1.0902E+07
0000114   7.1488E+08  7.3379E+06 -8.3571E+06
0000115   7.1664E+08  6.6924E+06 -5.6054E+05
0000116   7.0603E+08 -1.9267E+07  3.7336E+06
0000117   7.1237E+08  5.6215E+06  7.2442E+06
0000118   7.1552E+08 -4.8554E+05 -9.3644E+04
0000119   7.1543E+08 -5.3933E+06  4.9650E+06
0000120   7.0992E+08  6.7341E+06  1.9518E+06
0000121   7.0853E+08 -1.1225E+07 -9.9794E+06
0000122   7.1415E+08  1.5458E+07 -7.9460E+05
0000123   7.0720E+08  2.0975E+07 -9.5329E+06
0000124   7.2157E+08 -7.0581E+06  1.3733E+07
0000125   7.1965E+08 -9.8112E+06 -3.0803E+06
0000126   7.1101E+08 -1.9627E+07  2.4787E+07
0000127   7.0786E+08 -5.2760E+06 -1.0024E+07
0000128   7.1023E+08 -1.3745E+07 -7.3662E+06
0000129   7.0628E+08  4.0307E+06 -5.0652E+06
0000130   7.0757E+08 -3.9391E+06 -1.2935E+07
0000131   7.1600E+08 -3.4021E+06 -8.5831E+06
0000132   7.1361E+08  1.3660E+07  4.5106E+06
0000133   7.1384E+08 -2.1651E+07  8.0973E+06
0000134   7.1639E+08 -2.4941E+06  7.8237E+06
0000135   7.0685E+08  3.9531E+07 -1.8757E+07
0000136   7.0631E+08 -1.2746E+07  3.2339E+06
0000137   7.0313E+08 -2.3791E+06  1.1445E+05
0000138   7.1706E+08 -7.5814E+06 -7.5217E+06
0000139   7.1442E+08  2.3169E+05 -1.3370E+07
0000140   7.1044E+08  5.8337E+06 -1.3114E+07
0000141   7.1133E+08  2.8800E+06 -1.5414E+06
0000142   7.1194E+08  1.2240E+07 -3.4644E+06
0000143   7.0876E+08  5.0840E+06  8.2203E+06
0000144   7.0958E+08 -2.0218E+07 -2.0505E+07
0000145   7.1205E+08  1.3113E+06 -1.3406E+07
0000146   7.1162E+08 -4.3707E+06 -1.3431E+07
0000147   7.1917E+08  5.9630E+05 -2.3641E+06
0000148   7.1737E+08  1.4321E+06  1.2375E+07
0000149   7.1296E+08  2.0353E+05  5.2436E+06
0000150   7.0491E+08 -1.9927E+06  2.1018E+07
0000151   7.0387E+08 -1.1784E+07  2.9715E+07
0000152   7.1229E+08  6.8000E+06  1.1945E+06
0000153   7.1169E+08 -3.9665E+06  3.6347E+06
0000154   7.0672E+08  7.3596E+06  5.7181E+06
0000155   7.1478E+08  8.7299E+06 -2.0482E+06
0000156   7.0748E+08 -5.5600E+03  5.5594E+06
0000157   7.1585E+08 -1.4757E+07  9.8808E+06
0000158   7.1237E+08 -9.4242E+06 -1.7647E+07
0000159   7.0878E+08  3.9633E+06  9.7604E+06
0000160   7.1206E+08  1.0271E+07 -1.1263E+07
0000161   7.1647E+08 -2.2986E+06 -1.5910E+07
0000162   7.1238E+08 -3.8037E+06  1.7436E+06
0000163   7.1101E+08  3.1315E+06 -3.7796E+06
0000164   7.0753E+08 -1.1242E+07  1.8832E+07
0000165   7.1174E+08  1.2544E+07  7.0782E+05
0000166   7.0542E+08 -1.4331E+07  1.0800E+06
0000167   7.1367E+08  2.8565E+06 -4.1961E+05
0000168   7.0374E+08 -3.7864E+06  1.1241E+07
0000169   7.2198E+08  1.0488E+06  6.0872E+05
0000170   7.1159E+08  4.6467E+06  6.7471E+06
0000171   7.0996E+08  8.5212E+06  2.8870E+06
0000172   7.1084E+08 -1.0794E+07 -1.3525E+07
0000173   7.1327E+08  1.5140E+07  1.3664E+07
0000174   7.1106E+08 -1.1465E+06 -2.6895E+04
0000175   7.0914E+08  7.5367E+06  2.6029E+05
0000176   7.1588E+08 -2.3436E+06  4.8783E+06
0000177   7.1791E+08  1.1696E+07 -7.2928E+06
0000178   7.0465E+08 -1.5935E+06 -6.0630E+06
0000179   7.1847E+08 -8.5401E+06 -1.8031E+07
0000180   7.1511E+08  2.8274E+05 -4.7107E+06
0000181   7.1847E+08 -2.0618E+07 -1.8491E+06
0000182   7.0776E+08 -5.4076E+06  3.6079E+06
0000183   7.0711E+08  1.2229E+07 -2.0789E+06
0000184   7.2238E+08 -5.3398E+06 -3.0001E+06
0000185   7.0250E+08 -4.5668E+06 -5.8495E+06
0000186   7.1037E+08 -1.4233E+07 -1.6754E+07
0000187   7.0925E+08 -3.4011E+06  5.2222E+06
0000188   7.1133E+08  6.7864E+06  9.0972E+06
0000189   7.0770E+08 -3.6469E+07  6.7784E+06
0000190   7.0404E+08 -3.0131E+06 -4.1619E+06
0000191   7.0893E+08 -1.7988E+07  3.7881E+06
0000192   7.0454E+08 -1.7056E+07 -1.2377E+07
0000193   7.1240E+08 -4.1523E+06 -2.0264E+07
0000194   7.1140E+08 -1.1702E+07  4.9733E+04
0000195   7.0473E+08 -7.2298E+06  8.6015E+06
0000196   7.0777E+08  9.8637E+06  2.7776E+06
0000197   7.1780E+08  8.6207E+06 -6.7099E+06
0000198   7.0859E+08  3.2892E+06  5.0361E+06
0000199   7.1937E+08 -1.2810E+07  2.4170E+06
0000200   7.0524E+08 -1.2479E+07 -1.3990E+07
0000201   7.1216E+08  5.2532E+06 -5.2676E+06
0000202   7.1126E+08  9.3963E+06 -4.7005E+06
0000203   7.2411E+08  1.5699E+07  1.0937E+07
0000204   7.1180E+08 -6.3971E+04  2.7798E+06
0000205   7.1543E+08 -1.9436E+07 -7.0213E+06
0000206   7.1010E+08 -1.1821E+07  1.5478E+07
0000207   7.1414E+08 -4.7491E+06 -7.3116E+05
0000208   7.1451E+08  9.0492E+06  1.6399E+07
0000209   7.0640E+08 -3.7130E+04  1.6766E+07
0000210   6.9993E+08  6.9535E+06 -8.1150E+06
0000211   7.1026E+08 -3.9656E+06  2.5084E+07
0000212   7.0693E+08 -1.4386E+06 -1.4484E+06
0000213   7.1323E+08 -4.2598E+06  4.5303E+06
0000214   7.2145E+08 -4.4536E+05  2.9365E+06
0000215   7.1849E+08  3.7057E+05  1.8365E+06
0000216   7.0811E+08 -7.5674E+06 -3.0947E+05
0000217   7.0181E+08  7.2428E+07 -3.6662E+07
0000218   7.2416E+08  1.1607E+07 -7.3971E+06
0000219   7.1718E+08  3.5090E+06  1.8934E+07
0000220   7.1226E+08 -2.1479E+05 -6.0920E+06
0000221   7.2167E+08  2.0081E+06 -5.2505E+06
0000222   7.1004E+08  6.8279E+06  1.3851E+07
0000223   7.1824E+08 -2.5452E+06  1.8053E+07
0000224   7.1797E+08 -7.7821E+04 -3.7525E+06
0000225   7.1523E+08 -7.7225E+06  4.5013E+06
0000226   7.2513E+08  4.3707E+05 -5.7831E+06
0000227   7.0744E+08 -1.3768E+07 -1.0360E+07
0000228   7.0945E+08 -1.7603E+06 -7.5526E+05
0000229   6.9670E+08 -1.9755E+06 -6.1193E+06
0000230   7.0506E+08 -3.2196E+06 -7.9226E+06
0000231   7.0790E+08 -2.0109E+07  1.1650E+07
0000232   7.0841E+08 -2.1955E+06 -1.1200E+07
0000233   7.1816E+08 -1.0201E+07 -2.0780E+06
0000234   7.1373E+08 -7.5911E+06  2.6886E+06
0000235   7.0654E+08 -1.7837E+06 -4.3082E+06
0000236   7.1654E+08  5.5399E+06 -4.5192E+06
0000237   7.0596E+08 -4.8576E+06  7.1077E+06
0000238   7.1362E+08  8.5971E+06  4.4452E+04
0000239   7.1394E+08 -3.9541E+06 -1.7303E+06
0000240   7.1343E+08  1.6422E+07  2.7300E+07
0000241   7.0798E+08  1.6500E+07 -3.5230E+06
0000242   7.0048E+08 -7.5568E+06  1.3753E+07
0000243   7.2018E+08 -1.3174E+07 -1.0146E+07
0000244   7.1458E+08  1.0986E+06 -4.5097E+06
0000245   7.1247E+08 -1.2029E+07  4.4989E+06
0000246   7.1717E+08 -4.6136E+05 -1.5520E+07
0000247   7.1776E+08  4.1755E+06 -5.4913E+06
0000248   7.0768E+08 -2.2300E+06  1.0660E+07
0000249   7.0796E+08  5.7298E+06  1.3862E+06
0000250   7.0833E+08  2.9527E+06 -1.3870E+06
0000251   7.2098E+08  7.8778E+06  5.5058E+06
0000252   7.1097E+08 -6.9737E+06 -1.1793E+07
0000253   7.1009E+08 -1.1656E+07 -2.5150E+07
0000254   7.1538E+08 -2.1627E+07 -1.7172E+07
0000255   7.2580E+08  4.5312E+06  3.6118E+06
0000256   7.1540E+08  7.5621E+06 -3.2434E+06
0000257   7.1425E+08  7.8158E+06  5.4671E+06
0000258   7.1520E+08  3.9962E+06 -5.2343E+05
0000259   7.0729E+08  2.9428E+06  1.4569E+07
0000260   7.1621E+08 -9.0037E+06  8.6289E+06
0000261   7.1633E+08 -2.1579E+07 -9.7050E+06
0000262   7.1240E+08  6.7712E+06 -4.8405E+06
0000263   7.2291E+08 -1.2256E+07 -1.5529E+06
0000264   7.1769E+08 -1.7842E+07  3.1890E+07
0000265   7.2175E+08 -1.3586E+07 -8.2256E+06
0000266   7.0624E+08  1.3026E+07 -1.3670E+07
0000267   7.0387E+08  1.2098E+07 -8.6467E+05
0000268   7.1079E+08  1.0802E+07  7.2926E+05
0000269   7.0648E+08 -2.3383E+07 -1.1402E+07
0000270   7.0766E+08  9.8467E+06  7.9164E+06
0000271   7.0166E+08 -1.7059E+07  4.7449E+06
0000272   7.2060E+08 -9.4632E+06 -1.5553E+06
0000273   7.1104E+08  6.2357E+06  2.0163E+06
0000274   7.1127E+08  5.3004E+05 -3.3972E+06
0000275   7.1914E+08  7.6643E+06 -9.0850E+06
0000276   7.1298E+08  9.2873E+06  3.4766E+06
0000277   7.1459E+08  4.6681E+06 -6.3024E+05
0000278   7.1586E+08  4.7394E+06 -3.7804E+06
0000279   7.0333E+08 -1.3624E+07 -1.0899E+07
0000280   7.1494E+08  8.1977E+06 -4.7474E+06
0000281   7.0167E+08  1.5064E+06  5.1256E+06
0000282   7.2232E+08 -8.6680E+06  3.3653E+06
0000283   7.1435E+08  8.9327E+06  1.4370E+06
0000284   7.1042E+08  6.1084E+06 -2.3846E+07
0000285   7.2372E+08  4.8647E+06 -6.1530E+06
0000286   7.1358E+08  1.6373E+06  2.3636E+06
0000287   7.1420E+08  4.9998E+06 -4.1073E+06
0000288   7.1262E+08  8.1358E+06  1.3116E+07
0000289   7.0084E+08  8.0670E+06  1.1602E+07
0000290   7.0470E+08  1.5247E+07  2.2459E+06
0000291   7.1149E+08  1.0446E+07  1.8606E+07
0000292   7.1023E+08 -1.3156E+07  1.1258E+06
0000293   7.1404E+08 -1.0597E+06 -1.3076E+07
0000294   7.1255E+08  1.8886E+07 -1.2554E+07
0000295   7.1708E+08 -9.0834E+05 -6.6894E+06
0000296   7.1953E+08  1.6522E+07 -5.7701E+06
0000297   7.1237E+08  8.2962E+06  1.2444E+07
0000298   7.1528E+08 -5.5755E+05 -8.0828E+06
0000299   7.0947E+08 -4.7307E+06  7.2098E+06
0000300   7.0450E+08  1.3198E+06 -9.8195E+06
0000301   7.1151E+08  1.0251E+07 -3.1340E+06
0000302   7.1315E+08 -1.7093E+06 -2.3561E+06
0000303   7.1604E+08 -8.3373E+06 -9.6633E+06
0000304   7.1299E+08 -1.3539E+07 -2.4244E+07
0000305   7.0378E+08 -7.7405E+06  5.5932E+05
0000306   7.1558E+08  1.8781E+07 -5.1927E+05
0000307   7.1378E+08  2.5569E+06  1.5016E+06
0000308   7.0867E+08  7.1374E+06  5.0035E+06
0000309   7.1317E+08  1.7160E+06  2.8792E+06
0000310   7.1461E+08 -8.7362E+06 -7.5698E+06
0000311   7.0573E+08 -1.0182E+06  6.2975E+06
0000312   7.2185E+08  4.0177E+06 -1.3460E+06
0000313   7.0732E+08  7.9770E+06 -9.4048E+06
0000314   7.1468E+08 -3.0771E+06  4.0451E+06
0000315   7.1037E+08 -6.2178E+06  1.5327E+06
0000316   7.1709E+08  1.5043E+07  7.3888E+06
0000317   7.1534E+08  4.3575E+06  2.1100E+06
0000318   7.1325E+08  1.2534E+07 -7.8917E+06
0000319   7.1669E+08  1.4578E+07 -2.0031E+06
0000320   7.1209E+08 -1.2658E+06  3.1571E+06
0000321   7.1787E+08 -7.4038E+06 -8.0836E+05
0000322   7.2257E+08 -1.3512E+07  6.8507E+06
0000323   7.0508E+08  7.1320E+05  9.8085E+06
0000324   7.1675E+08  4.8813E+06 -1.4551E+07
0000325   7.0420E+08  7.3588E+06  2.4205E+07
0000326   7.2059E+08 -1.6048E+07 -6.5811E+06
0000327   7.2102E+08  4.0130E+06 -9.7427E+05
0000328   7.1563E+08 -5.5035E+05  8.3659E+06
0000329   7.0716E+08 -1.8105E+06  2.2691E+07
0000330   7.0177E+08  9.5676E+06 -1.1758E+06
0000331   7.1571E+08 -7.7224E+06  3.5696E+05
0000332   7.1594E+08  1.7918E+06 -2.7685E+06
0000333   7.0730E+08 -1.3648E+06 -2.7188E+06
0000334   7.0708E+08  7.7598E+06 -9.7442E+06
0000335   7.0573E+08 -1.3972E+07 -3.3741E+07
0000336   7.0725E+08 -3.5336E+06 -4.2137E+06
0000337   7.0933E+08 -3.5803E+06  1.9299E+06
0000338   7.1245E+08  2.2839E+07 -3.8530E+06
0000339   7.1609E+08  1.6685E+07  7.3035E+06
0000340   7.0563E+08 -3.5246E+06  8.2985E+06
0000341   7.1074E+08 -4.1954E+06 -4.8438E+06
0000342   7.1024E+08 -5.6615E+04 -2.6060E+07
0000343   7.0753E+08  1.3306E+07 -1.6975E+07
0000344   7.1741E+08 -7.0005E+06  5.9077E+06
0000345   7.1049E+08 -6.3967E+06 -1.8128E+07
0000346   7.1559E+08 -6.8281E+06  3.9906E+06
0000347   7.0264E+08 -3.9504E+06  1.2190E+07
0000348   7.0842E+08  2.8732E+06 -9.7502E+06
0000349   7.0942E+08  5.0584E+05  1.7877E+07
0000350   7.2772E+08  1.2700E+06  7.6078E+06
0000351   7.1877E+08 -6.7794E+06  2.4512E+07
0000352   7.0735E+08  2.0665E+06 -1.2528E+07
0000353   7.0725E+08 -4.8973E+06  9.1837E+06
0000354   7.1081E+08 -8.5609E+06  2.7516E+07
0000355   7.1371E+08 -2.6715E+06  9.2791E+06
0000356   7.2309E+08  2.0765E+07 -7.5703E+06
0000357   7.1561E+08  1.6921E+07  1.1014E+07
0000358   7.0712E+08  3.5648E+06  4.0995E+06
0000359   7.0868E+08  3.3908E+07 -2.1999E+06
0000360   7.1262E+08 -2.2002E+07 -2.4525E+07
0000361   7.0930E+08  1.0082E+07  4.7728E+06
0000362   7.1139E+08  1.0454E+07 -2.5435E+07
0000363   6.8299E+08  7.8686E+06  2.1879E+07
0000364   7.1489E+08 -6.9814E+06  4.9331E+06
0000365   7.1578E+08  9.3562E+06 -1.1374E+07
0000366   7.1179E+08 -1.9835E+07 -1.4228E+07
0000367   7.2118E+08  2.1601E+07  3.1603E+06
0000368   7.0780E+08  1.3445E+07  9.8178E+06
0000369   7.1261E+08  5.2691E+06  3.6746E+06
0000370   7.1972E+08 -6.3892E+06 -7.9391E+06
0000371   7.1113E+08  1.0109E+06  3.4754E+06
0000372   7.0377E+08  4.6265E+06  5.0975E+06
0000373   7.1006E+08 -8.7955E+06 -1.0988E+07
0000374   7.0866E+08 -6.2652E+06 -5.1014E+05
0000375   7.1482E+08  1.0768E+07  4.9784E+06
0000376   7.1317E+08 -3.1787E+06  4.4270E+06
0000377   7.1332E+08 -3.0115E+06 -1.7125E+07
0000378   7.1004E+08 -1.2817E+07 -1.1411E+07
0000379   7.0744E+08  1.7764E+06 -6.0951E+06
0000380   7.0990E+08 -7.2406E+06 -1.0136E+07
0000381   7.0707E+08  8.2328E+06  5.5100E+06
0000382   7.1075E+08  4.5369E+06 -1.9959E+06
0000383   6.9340E+08 -1.5343E+07  9.1933E+06
0000384   7.0724E+08  9.3899E+05 -4.6386E+05
0000385   7.1178E+08  3.6077E+06 -1.4666E+07
0000386   7.1896E+08 -4.5829E+06  3.3142E+06
0000387   7.1242E+08 -1.3657E+07  1.0403E+06
0000388   7.0092E+08 -1.8805E+07  1.7829E+06
0000389   7.1248E+08 -2.6982E+07 -4.5107E+06
0000390   7.0586E+08 -1.4635E+07 -6.1864E+05
0000391   7.1332E+08 -1.3203E+07  6.1740E+06
0000392   7.1592E+08  1.0891E+07  5.4727E+06
0000393   7.1647E+08  2.7988E+07  7.0199E+06
0000394   7.1073E+08 -2.0626E+06 -9.9798E+06
0000395   7.1072E+08 -9.3930E+06 -1.2021E+07
0000396   7.1668E+08  1.4101E+07 -1.0151E+07
0000397   7.0911E+08 -4.8748E+06 -1.7173E+06
0000398   7.1496E+08 -5.8399E+06 -4.3070E+07
0000399   7.0854E+08 -4.9143E+06 -4.2158E+06
0000400   7.0655E+08 -1.7265E+07 -2.6476E+06
0000401   7.0283E+08 -2.2253E+07  4.9681E+06
0000402   7.1536E+08  2.6633E+06 -3.9214E+06
0000403   7.1680E+08 -6.2112E+06 -6.8537E+06
0000404   7.0649E+08 -2.2575E+04 -1.8121E+06
0000405   7.2059E+08 -1.1953E+07 -6.1430E+06
0000406   7.2076E+08  4.9883E+06 -1.6542E+06
0000407   6.8106E+08  1.0270E+06  4.7318E+06
0000408   7.1715E+08 -7.2523E+06  1.5277E+07
0000409   7.0574E+08 -1.0365E+07  3.9223E+07
0000410   7.1831E+08 -3.0596E+05  2.4254E+07
0000411   7.1007E+08  4.6667E+06  8.5277E+05
0000412   7.0927E+08  3.2729E+07 -3.9183E+06
0000413   7.1340E+08  2.0801E+07 -3.0320E+06
0000414   7.0191E+08  4.9242E+06  4.1258E+06
0000415   7.1604E+08  2.0124E+06 -7.0886E+06
0000416   7.1475E+08 -8.8417E+06 -1.6913E+07
0000417   7.0960E+08 -2.2320E+07  2.3153E+06
0000418   7.0534E+08 -2.5994E+06  1.0958E+07
0000419   7.1183E+08  1.5854E+07 -7.4484E+06
0000420   7.1122E+08 -9.3097E+05  3.1318E+06
0000421   7.1839E+08 -1.3291E+07  2.5211E+07
0000422   7.1700E+08 -1.3059E+07  3.9598E+06
0000423   7.1327E+08 -5.9515E+06 -2.1780E+06
0000424   7.0700E+08  2.5232E+06 -8.2878E+06
0000425   7.1320E+08 -1.3029E+07  4.6832E+06
0000426   7.1315E+08 -9.4523E+06 -1.5635E+07
0000427   7.1807E+08 -1.2984E+07 -2.3633E+06
0000428   7.0375E+08  1.8582E+07 -2.6182E+07
0000429   7.0587E+08 -8.0099E+06 -4.0613E+06
0000430   7.1568E+08 -6.9928E+06  1.3523E+07
0000431   7.1579E+08 -1.2846E+07 -8.2701E+06
0000432   7.0697E+08  2.6303E+05 -6.9974E+06
0000433   7.2518E+08 -1.4684E+07  2.9684E+06
0000434   7.1144E+08 -1.4244E+07 -6.8698E+06
0000435   7.1141E+08  7.0199E+06 -1.4242E+07
0000436   7.1336E+08  6.0147E+06 -2.8752E+06
0000437   7.2060E+08 -1.3928E+07  1.1996E+06
0000438   7.0713E+08 -8.7811E+06 -1.8049E+06
0000439   7.0392E+08  4.0444E+07 -3.9288E+07
0000440   7.1409E+08 -3.7719E+06  1.3340E+07
0000441   6.9148E+08  3.2675E+06 -2.6838E+06
0000442   7.0936E+08 -1.5378E+07  6.4257E+06
0000443   7.0897E+08  6.9255E+06  1.5963E+07
0000444   7.2266E+08 -2.2839E+06  1.6031E+06
0000445   7.1313E+08  7.9807E+06  1.5785E+07
0000446   7.1314E+08 -9.0754E+06 -9.5079E+06
0000447   7.2264E+08 -1.4251E+07  1.4010E+07
0000448   7.1419E+08  2.4082E+06 -7.9212E+06
0000449   7.0354E+08 -1.2956E+07  1.2657E+07
0000450   7.1151E+08 -1.6747E+07  3.3843E+06
0000451   7.2323E+08 -6.1458E+06 -5.5165E+06
0000452   7.1961E+08 -6.7507E+06 -1.9378E+07
0000453   7.1506E+08 -8.1198E+06  4.4055E+06
0000454   7.1222E+08 -3.1366E+05  1.5412E+07
0000455   7.1690E+08  1.8523E+07  8.0183E+06
0000456   7.0441E+08  8.4522E+05  8.9469E+06
0000457   7.0692E+08 -8.5309E+06 -2.2147E+06
0000458   7.1275E+08 -1.4655E+06 -3.8995E+06
0000459   7.2143E+08  1.8624E+07  1.8971E+06
0000460   7.1715E+08  3.8874E+06  1.2442E+07
0000461   7.1156E+08  1.1342E+06  7.2363E+06
0000462   7.2002E+08  1.3687E+07  1.7011E+07
0000463   7.0050E+08  2.2054E+06  6.8800E+06
0000464   7.1539E+08  8.9163E+05  2.2169E+06
0000465   7.1756E+08  3.1057E+07 -6.5123E+06
0000466   7.1638E+08 -7.9128E+06  7.2143E+06
0000467   7.1773E+08 -3.5526E+06 -6.5417E+06
0000468   7.1882E+08 -2.0536E+06 -4.0436E+06
0000469   7.1437E+08  1.8150E+06  1.7971E+06
0000470   7.1402E+08 -1.1019E+07  8.2298E+06
0000471   7.0831E+08  4.4827E+06  1.7010E+07
0000472   7.1677E+08  7.1544E+06 -2.9725E+05
0000473   7.0844E+08  9.1317E+06  5.0487E+06
0000474   7.1243E+08 -3.3938E+06 -5.4924E+06
0000475   7.1744E+08 -1.0254E+06  2.1953E+06
0000476   7.2069E+08  6.4411E+06  2.3868E+07
0000477   7.2264E+08  2.9218E+06  1.3688E+07
0000478   7.0344E+08  9.8565E+05  6.0780E+06
0000479   7.1149E+08 -4.0635E+06 -1.0371E+07
0000480   7.0975E+08 -3.0673E+06 -2.0469E+07
0000481   7.0377E+08 -9.4403E+06 -8.5495E+06
0000482   7.0587E+08  3.9675E+06 -9.8724E+06
0000483   7.1890E+08  5.5412E+06 -8.0086E+05
0000484   7.0861E+08 -6.2024E+06  6.5414E+05
0000485   7.1121E+08 -4.4702E+06  8.9135E+06
0000486   7.1326E+08 -1.2670E+07  1.1632E+07
0000487   7.1524E+08  9.5051E+06 -8.7379E+06
0000488   7.1047E+08 -2.3572E+06 -5.7033E+06
0000489   7.1008E+08  5.0396E+06  1.3630E+06
0000490   7.1061E+08  1.3192E+06  7.9500E+06
0000491   7.0890E+08 -1.9997E+06  1.9316E+07
0000492   7.1053E+08 -1.8485E+07  2.4704E+07
0000493   7.2163E+08 -1.6771E+07 -1.4675E+06
0000494   7.1833E+08 -4.8274E+06 -1.2489E+0